0
15338
-24877
25010
-15686
432
14985
-24737
25136
-16031
865
14628
-24591
25255
-16371
1297
14268
-24437
25367
-16706
1728
13903
-24278
25473
-17037
2159
13535
-24111
25571
-17363
2590
13163
-23938
25663
-17685
3020
12787
-23759
25748
-18001
3449
12408
-23573
25825
-18313
3877
12025
-23381
25896
-18620
4304
11640
-23182
25960
-18922
4730
11251
-22977
26016
-19218
5154
10859
-22766
26066
-19510
5578
10464
-22548
26108
-19796
5999
10066
-22325
26143
-20077
6419
9665
-22095
26171
-20352
6838
9262
-21860
26192
-20622
7254
8856
-21618
26206
-20886
7668
8448
-21371
26213
-21144
8081
8038
-21117
26213
-21397
8491
7625
-20858
26205
-21644
8899
7210
-20594
26190
-21885
9304
6794
-20323
26169
-22120
9707
6375
-20048
26140
-22349
10108
5955
-19766
26104
-22572
10505
5533
-19480
26061
-22788
10900
5110
-19188
26010
-22999
11291
4685
-18890
25953
-23203
11680
4259
-18588
25889
-23401
12066
3832
-18281
25818
-23593
12448
3404
-17968
25739
-23778
12826
2975
-17651
25654
-23957
13202
2545
-17329
25561
-24129
13573
2114
-17002
25462
-24295
13941
1683
-16671
25356
-24454
14306
1251
-16335
25243
-24606
14666
819
-15995
25123
-24752
15022
387
-15650
24996
-24891
15375
-45
-15301
24862
-25023
15723
-478
-14948
24722
-25148
16067
-910
-14591
24575
-25267
16406
-1342
-14230
24421
-25379
16741
-1773
-13865
24261
-25484
17071
-2204
-13496
24093
-25581
17397
-2635
-13123
23920
-25672
17718
-3065
-12747
23740
-25756
18034
-3494
-12368
23553
-25833
18346
-3922
-11985
23360
-25903
18652
-4349
-11599
23161
-25966
18953
-4774
-11210
22955
-26022
19249
-5199
-10817
22743
-26070
19540
-5622
-10422
22525
-26112
19826
-6043
-10024
22301
-26146
20106
-6463
-9623
22071
-26174
20380
-6881
-9220
21835
-26194
20650
-7298
-8814
21592
-26207
20913
-7712
-8405
21344
-26213
21171
-8124
-7995
21090
-26212
21423
-8534
-7582
20831
-26204
21669
-8941
-7167
20566
-26188
21910
-9347
-6750
20295
-26166
22144
-9749
-6331
20018
-26136
22372
-10149
-5911
19736
-26100
22595
-10547
-5489
19449
-26056
22811
-10941
-5066
19157
-26005
23021
-11332
-4641
18859
-25947
23224
-11721
-4215
18556
-25882
23422
-12106
-3787
18248
-25810
23613
-12488
-3359
17935
-25731
23797
-12866
-2930
17618
-25644
23975
-13241
-2500
17295
-25551
24147
-13612
-2069
16968
-25451
24312
-13980
-1638
16636
-25344
24470
-14344
-1206
16300
-25231
24622
-14704
-774
15959
-25110
24767
-15059
-342
15614
-24982
24905
-15411
91
15264
-24848
25037
-15759
523
14911
-24707
25161
-16102
955
14553
-24559
25279
-16441
1387
14192
-24404
25390
-16776
1819
13826
-24243
25494
-17106
2250
13457
-24076
25591
-17431
2680
13084
-23901
25681
-17751
3110
12708
-23721
25765
-18067
3539
12328
-23533
25841
-18378
3966
11945
-23340
25910
-18684
4393
11558
-23140
25972
-18984
4819
11169
-22933
26027
-19280
5243
10776
-22721
26075
-19570
5666
10380
-22502
26116
-19855
6087
9982
-22277
26150
-20135
6507
9581
-22046
26176
-20409
6925
9177
-21810
26196
-20677
7341
8771
-21567
26208
-20940
7755
8362
-21318
26213
-21198
8167
7951
-21064
26212
-21449
8577
7538
-20803
26203
-21695
8984
7123
-20537
26186
-21934
9389
6706
-20266
26163
-22168
9791
6287
-19989
26133
-22396
10191
5867
-19707
26095
-22617
10588
5445
-19419
26051
-22833
10982
5021
-19126
25999
-23042
11373
4596
-18828
25940
-23245
11761
4170
-18524
25875
-23442
12146
3742
-18216
25802
-23632
12527
3314
-17902
25722
-23816
12905
2885
-17584
25635
-23993
13280
2455
-17261
25541
-24164
13651
2024
-16933
25440
-24329
14018
1593
-16601
25333
-24486
14382
1161
-16264
25218
-24637
14741
729
-15923
25097
-24782
15097
296
-15577
24969
-24919
15448
-136
-15228
24833
-25050
15795
-568
-14874
24692
-25174
16138
-1000
-14516
24543
-25291
16476
-1432
-14154
24388
-25401
16810
-1864
-13788
24226
-25505
17140
-2295
-13418
24058
-25601
17465
-2725
-13045
23883
-25690
17785
-3155
-12668
23701
-25773
18100
-3583
-12288
23513
-25848
18410
-4011
-11904
23319
-25917
18715
-4438
-11518
23118
-25978
19016
-4863
-11128
22911
-26032
19311
-5288
-10735
22698
-26080
19600
-5710
-10339
22479
-26120
19885
-6131
-9940
22253
-26153
20164
-6551
-9539
22022
-26179
20437
-6969
-9135
21784
-26197
20705
-7385
-8728
21541
-26209
20968
-7798
-8319
21292
-26214
21224
-8210
-7908
21037
-26211
21475
-8619
-7495
20776
-26201
21720
-9027
-7080
20509
-26184
21959
-9431
-6663
20237
-26160
22192
-9833
-6243
19960
-26129
22419
-10233
-5823
19677
-26091
22640
-10629
-5400
19388
-26046
22855
-11023
-4977
19095
-25993
23064
-11414
-4551
18796
-25934
23266
-11802
-4125
18492
-25867
23462
-12186
-3698
18183
-25794
23652
-12567
-3269
17869
-25713
23835
-12945
-2840
17551
-25626
24012
-13319
-2410
17227
-25531
24182
-13690
-1979
16899
-25430
24345
-14056
-1547
16566
-25321
24502
-14419
-1116
16229
-25206
24653
-14778
-683
15887
-25084
24796
-15134
-251
15541
-24955
24933
-15484
181
15191
-24819
25063
-15831
613
14836
-24676
25186
-16174
1046
14478
-24527
25303
-16512
1477
14115
-24371
25412
-16845
1909
13749
-24209
25515
-17174
2340
13379
-24040
25611
-17498
2770
13006
-23864
25699
-17818
3200
12628
-23682
25781
-18133
3628
12248
-23493
25856
-18442
4056
11864
-23298
25923
-18747
4483
11477
-23097
25984
-19047
4908
11087
-22889
26038
-19341
5332
10693
-22676
26084
-19630
5754
10297
-22456
26123
-19914
6175
9898
-22229
26156
-20193
6595
9497
-21997
26181
-20466
7012
9092
-21759
26199
-20733
7428
8686
-21515
26210
-20995
7842
8276
-21265
26214
-21251
8253
7865
-21009
26210
-21501
8662
7452
-20748
26200
-21745
9069
7036
-20481
26182
-21984
9474
6619
-20208
26157
-22216
9875
6199
-19930
26126
-22443
10274
5779
-19647
26087
-22663
10671
5356
-19358
26041
-22877
11064
4932
-19064
25987
-23085
11455
4507
-18764
25927
-23287
11842
4080
-18460
25860
-23482
12226
3653
-18150
25786
-23671
12607
3224
-17836
25704
-23854
12984
2795
-17517
25616
-24030
13358
2364
-17193
25521
-24199
13728
1934
-16864
25418
-24362
14095
1502
-16531
25309
-24518
14457
1070
-16193
25193
-24668
14816
638
-15851
25070
-24811
15170
206
-15504
24941
-24947
15521
-226
-15154
24804
-25076
15867
-659
-14799
24661
-25199
16209
-1091
-14440
24511
-25315
16547
-1523
-14077
24355
-25424
16880
-1954
-13711
24191
-25525
17208
-2385
-13340
24022
-25620
17532
-2815
-12966
23845
-25708
17851
-3245
-12589
23662
-25789
18165
-3673
-12208
23473
-25863
18475
-4101
-11824
23277
-25930
18779
-4527
-11436
23075
-25990
19078
-4952
-11046
22867
-26043
19372
-5376
-10652
22653
-26089
19660
-5799
-10256
22432
-26127
19944
-6219
-9856
22205
-26159
20222
-6639
-9454
21973
-26183
20494
-7056
-9050
21734
-26200
20761
-7471
-8643
21489
-26211
21022
-7885
-8233
21239
-26214
21277
-8296
-7822
20982
-26209
21527
-8705
-7408
20720
-26198
21771
-9112
-6992
20453
-26180
22008
-9516
-6575
20180
-26154
22240
-9917
-6155
19901
-26122
22466
-10316
-5734
19617
-26082
22686
-10712
-5312
19327
-26035
22899
-11105
-4888
19033
-25981
23107
-11495
-4462
18733
-25920
23308
-11882
-4036
18428
-25852
23502
-12266
-3608
18118
-25777
23691
-12647
-3179
17803
-25695
23872
-13024
-2750
17483
-25606
24048
-13397
-2319
17159
-25510
24217
-13767
-1888
16829
-25407
24379
-14133
-1457
16496
-25298
24534
-14495
-1025
16157
-25181
24683
-14853
-593
15815
-25057
24826
-15207
-161
15468
-24927
24961
-15557
272
15117
-24790
25090
-15903
704
14761
-24646
25211
-16245
1136
14402
-24495
25326
-16582
1568
14039
-24338
25435
-16915
1999
13672
-24174
25536
-17243
2430
13301
-24003
25630
-17566
2860
12927
-23826
25717
-17884
3290
12549
-23643
25797
-18198
3718
12168
-23453
25871
-18507
4145
11783
-23257
25937
-18810
4572
11395
-23054
25996
-19109
4997
11004
-22845
26048
-19402
5421
10611
-22630
26093
-19690
5843
10214
-22409
26131
-19973
6263
9814
-22181
26162
-20250
6682
9412
-21948
26185
-20522
7100
9007
-21708
26202
-20788
7515
8600
-21463
26211
-21049
7928
8190
-21212
26213
-21304
8339
7779
-20955
26209
-21553
8748
7365
-20693
26197
-21796
9154
6949
-20424
26178
-22033
9558
6531
-20151
26151
-22264
9959
6111
-19871
26118
-22489
10358
5690
-19587
26078
-22709
10753
5267
-19297
26030
-22921
11146
4843
-19001
25975
-23128
11536
4418
-18701
25914
-23328
11923
3991
-18396
25845
-23522
12306
3563
-18085
25769
-23710
12686
3134
-17770
25686
-23891
13063
2705
-17449
25597
-24066
13436
2274
-17124
25500
-24234
13805
1843
-16795
25396
-24395
14171
1412
-16460
25286
-24550
14533
980
-16122
25168
-24699
14891
548
-15779
25044
-24840
15244
115
-15431
24913
-24975
15594
-317
-15080
24775
-25103
15939
-749
-14724
24630
-25224
16280
-1181
-14364
24479
-25338
16617
-1613
-14001
24321
-25445
16949
-2044
-13633
24156
-25546
17277
-2475
-13262
23985
-25639
17599
-2905
-12887
23807
-25726
17917
-3334
-12509
23623
-25805
18231
-3763
-12128
23433
-25878
18539
-4190
-11743
23236
-25943
18842
-4616
-11355
23032
-26002
19140
-5041
-10963
22823
-26053
19433
-5465
-10569
22607
-26097
19720
-5887
-10172
22385
-26134
20002
-6307
-9772
22157
-26164
20279
-6726
-9370
21923
-26187
20550
-7143
-8965
21683
-26203
20816
-7558
-8557
21437
-26212
21076
-7971
-8147
21185
-26213
21330
-8382
-7735
20928
-26208
21578
-8790
-7321
20665
-26195
21821
-9196
-6905
20396
-26175
22058
-9600
-6487
20122
-26148
22288
-10001
-6067
19842
-26114
22513
-10399
-5646
19557
-26073
22731
-10795
-5223
19266
-26025
22943
-11187
-4799
18970
-25969
23149
-11577
-4373
18669
-25907
23349
-11963
-3946
18363
-25837
23542
-12346
-3518
18052
-25761
23729
-12726
-3089
17736
-25677
23910
-13102
-2660
17416
-25587
24084
-13475
-2229
17090
-25489
24251
-13844
-1798
16760
-25385
24412
-14209
-1366
16425
-25274
24566
-14570
-935
16086
-25155
24714
-14928
-502
15742
-25030
24854
-15281
-70
15395
-24899
24988
-15630
362
15043
-24760
25116
-15975
795
14687
-24615
25236
-16316
1227
14326
-24463
25350
-16652
1658
13962
-24304
25456
-16984
2090
13595
-24139
25556
-17311
2520
13223
-23967
25649
-17633
2950
12848
-23788
25735
-17950
3379
12469
-23604
25813
-18263
3808
12087
-23412
25885
-18571
4235
11702
-23215
25950
-18873
4661
11314
-23011
26007
-19171
5086
10922
-22800
26058
-19463
5509
10528
-22584
26101
-19750
5931
10130
-22362
26138
-20032
6351
9730
-22133
26167
-20308
6770
9327
-21898
26189
-20578
7187
8922
-21658
26204
-20843
7602
8514
-21411
26212
-21103
8014
8104
-21159
26213
-21356
8425
7692
-20901
26207
-21604
8833
7278
-20637
26193
-21846
9239
6861
-20367
26173
-22082
9642
6443
-20093
26145
-22312
10043
6023
-19812
26110
-22536
10441
5602
-19526
26068
-22754
10836
5179
-19235
26019
-22965
11228
4754
-18939
25963
-23171
11617
4328
-18637
25900
-23370
12003
3901
-18331
25830
-23562
12386
3473
-18019
25752
-23748
12765
3044
-17703
25668
-23928
13141
2614
-17382
25577
-24102
13514
2184
-17056
25479
-24268
13882
1753
-16725
25374
-24428
14247
1321
-16390
25262
-24582
14608
889
-16050
25143
-24729
14965
457
-15706
25017
-24869
15318
25
-15358
24884
-25002
15667
-408
-15006
24745
-25129
16011
-840
-14649
24599
-25248
16351
-1272
-14288
24446
-25361
16687
-1703
-13924
24287
-25467
17018
-2135
-13556
24121
-25566
17345
-2565
-13184
23948
-25658
17666
-2995
-12809
23769
-25743
17983
-3424
-12430
23584
-25821
18296
-3852
-12047
23392
-25892
18603
-4280
-11662
23194
-25956
18905
-4706
-11273
22989
-26013
19202
-5130
-10881
22778
-26063
19493
-5553
-10486
22561
-26106
19780
-5975
-10089
22338
-26141
20061
-6395
-9688
22109
-26170
20336
-6814
-9285
21873
-26191
20606
-7230
-8880
21632
-26206
20871
-7645
-8472
21385
-26213
21130
-8057
-8061
21132
-26213
21383
-8468
-7649
20873
-26206
21630
-8876
-7234
20609
-26191
21871
-9281
-6818
20339
-26170
22106
-9684
-6399
20063
-26142
22336
-10085
-5979
19782
-26106
22559
-10482
-5557
19496
-26063
22776
-10877
-5134
19204
-26014
22987
-11269
-4710
18908
-25957
23192
-11658
-4284
18606
-25893
23390
-12044
-3857
18298
-25822
23582
-12426
-3428
17986
-25744
23768
-12805
-2999
17669
-25659
23947
-13180
-2569
17348
-25567
24119
-13552
-2139
17021
-25468
24285
-13921
-1708
16690
-25362
24445
-14285
-1276
16354
-25249
24598
-14646
-844
16014
-25130
24744
-15002
-412
15670
-25003
24883
-15355
21
15321
-24870
25016
-15703
453
14968
-24730
25142
-16047
885
14611
-24583
25260
-16387
1317
14250
-24430
25373
-16722
1749
13886
-24270
25478
-17053
2180
13517
-24103
25576
-17379
2610
13145
-23930
25667
-17700
3040
12769
-23750
25752
-18016
3469
12390
-23564
25829
-18328
3897
12007
-23371
25899
-18635
4324
11621
-23172
25962
-18936
4750
11232
-22967
26019
-19232
5175
10840
-22756
26068
-19524
5598
10445
-22538
26110
-19809
6019
10047
-22314
26145
-20090
6439
9646
-22084
26172
-20365
6857
9243
-21848
26193
-20634
7274
8837
-21606
26207
-20898
7688
8429
-21359
26213
-21156
8100
8018
-21105
26212
-21409
8511
7605
-20846
26204
-21655
8918
7191
-20581
26190
-21896
9324
6774
-20310
26167
-22131
9726
6355
-20034
26138
-22359
10127
5935
-19753
26102
-22582
10524
5513
-19466
26058
-22798
10918
5090
-19174
26008
-23009
11310
4665
-18876
25950
-23213
11698
4239
-18574
25886
-23410
12084
3812
-18266
25814
-23602
12466
3383
-17953
25735
-23787
12844
2954
-17636
25650
-23965
13220
2524
-17314
25557
-24137
13591
2094
-16987
25457
-24302
13959
1662
-16655
25351
-24461
14323
1231
-16319
25237
-24613
14683
799
-15979
25117
-24759
15039
366
-15634
24990
-24897
15391
-66
-15284
24856
-25029
15739
-498
-14931
24715
-25154
16083
-930
-14574
24568
-25273
16422
-1362
-14212
24413
-25384
16757
-1794
-13847
24253
-25488
17087
-2225
-13478
24085
-25586
17412
-2655
-13106
23911
-25676
17733
-3085
-12729
23731
-25760
18049
-3514
-12350
23544
-25837
18360
-3942
-11967
23351
-25906
18666
-4369
-11580
23151
-25969
18967
-4795
-11191
22945
-26024
19263
-5219
-10799
22733
-26072
19554
-5642
-10403
22515
-26114
19839
-6063
-10005
22290
-26148
20119
-6483
-9604
22060
-26175
20393
-6901
-9200
21823
-26195
20662
-7317
-8794
21581
-26208
20925
-7731
-8386
21332
-26213
21183
-8144
-7975
21078
-26212
21435
-8553
-7562
20818
-26203
21681
-8961
-7147
20553
-26188
21921
-9366
-6730
20282
-26165
22155
-9768
-6311
20005
-26135
22383
-10168
-5891
19723
-26098
22605
-10565
-5469
19435
-26053
22821
-10960
-5045
19143
-26002
23030
-11351
-4620
18845
-25944
23234
-11739
-4194
18542
-25879
23431
-12124
-3767
18234
-25806
23621
-12506
-3339
17920
-25727
23806
-12884
-2909
17602
-25640
23983
-13259
-2479
17280
-25547
24155
-13630
-2048
16952
-25446
24319
-13997
-1617
16620
-25339
24477
-14361
-1185
16284
-25225
24629
-14721
-753
15943
-25104
24774
-15076
-321
15597
-24976
24911
-15428
111
15248
-24841
25043
-15775
543
14894
-24700
25167
-16119
976
14536
-24552
25285
-16457
1408
14174
-24397
25395
-16792
1839
13809
-24236
25499
-17121
2270
13439
-24067
25596
-17446
2700
13066
-23893
25686
-17767
3130
12690
-23712
25768
-18082
3559
12310
-23524
25844
-18393
3987
11926
-23330
25913
-18698
4414
11540
-23130
25975
-18999
4839
11150
-22923
26029
-19294
5263
10757
-22711
26077
-19584
5686
10362
-22492
26118
-19869
6107
9963
-22266
26151
-20148
6527
9562
-22035
26177
-20422
6945
9158
-21798
26196
-20690
7361
8752
-21555
26209
-20953
7775
8343
-21306
26213
-21210
8187
7932
-21051
26211
-21461
8596
7519
-20791
26202
-21706
9003
7104
-20525
26185
-21946
9408
6686
-20253
26162
-22179
9810
6267
-19976
26131
-22407
10210
5847
-19693
26093
-22628
10607
5425
-19405
26048
-22843
11001
5001
-19112
25996
-23052
11392
4576
-18813
25937
-23255
11779
4150
-18510
25871
-23451
12164
3722
-18201
25798
-23641
12545
3294
-17887
25718
-23825
12923
2864
-17569
25631
-24002
13298
2434
-17246
25537
-24172
13668
2003
-16918
25435
-24336
14036
1572
-16585
25327
-24494
14399
1140
-16248
25213
-24644
14758
708
-15907
25091
-24788
15113
276
-15561
24962
-24926
15465
-156
-15211
24827
-25056
15812
-589
-14857
24685
-25180
16154
-1021
-14498
24536
-25296
16492
-1453
-14136
24380
-25406
16826
-1884
-13770
24218
-25509
17156
-2315
-13400
24049
-25605
17480
-2746
-13027
23874
-25695
17800
-3175
-12650
23692
-25777
18115
-3604
-12270
23504
-25852
18425
-4032
-11886
23310
-25920
18730
-4458
-11499
23109
-25981
19030
-4884
-11109
22901
-26035
19325
-5308
-10716
22688
-26082
19614
-5730
-10320
22468
-26121
19898
-6151
-9921
22243
-26154
20177
-6571
-9520
22011
-26180
20450
-6989
-9115
21773
-26198
20718
-7404
-8709
21529
-26209
20980
-7818
-8300
21280
-26214
21236
-8230
-7889
21024
-26211
21487
-8639
-7475
20763
-26201
21732
-9046
-7060
20496
-26183
21970
-9450
-6643
20224
-26159
22203
-9852
-6223
19946
-26128
22430
-10252
-5803
19663
-26089
22651
-10648
-5380
19375
-26043
22865
-11042
-4956
19081
-25991
23074
-11432
-4531
18782
-25931
23276
-11820
-4105
18477
-25864
23471
-12204
-3677
18168
-25790
23661
-12585
-3249
17854
-25709
23843
-12963
-2819
17535
-25621
24020
-13337
-2389
17211
-25526
24190
-13707
-1958
16883
-25425
24353
-14074
-1527
16550
-25316
24510
-14437
-1095
16213
-25200
24660
-14795
-663
15871
-25078
24803
-15150
-231
15524
-24948
24940
-15501
202
15174
-24812
25069
-15848
634
14819
-24669
25192
-16190
1066
14461
-24520
25308
-16528
1498
14098
-24364
25417
-16861
1929
13732
-24201
25520
-17190
2360
13362
-24031
25615
-17514
2791
12988
-23855
25703
-17833
3220
12610
-23673
25785
-18148
3649
12230
-23484
25859
-18457
4076
11846
-23289
25927
-18762
4503
11458
-23087
25987
-19061
4928
11068
-22879
26040
-19355
5352
10675
-22665
26086
-19644
5775
10278
-22445
26125
-19928
6195
9879
-22219
26157
-20206
6615
9477
-21986
26182
-20478
7032
9073
-21748
26200
-20746
7448
8666
-21503
26210
-21007
7861
8257
-21253
26214
-21263
8273
7845
-20997
26210
-21513
8682
7432
-20736
26199
-21757
9088
7016
-20468
26181
-21995
9493
6599
-20195
26156
-22227
9894
6179
-19917
26124
-22453
10293
5758
-19633
26085
-22673
10690
5336
-19344
26038
-22887
11083
4912
-19050
25985
-23095
11473
4487
-18750
25924
-23296
11860
4060
-18445
25857
-23491
12244
3632
-18136
25782
-23680
12625
3204
-17821
25700
-23862
13002
2774
-17502
25612
-24038
13376
2344
-17177
25516
-24207
13746
1913
-16848
25413
-24370
14112
1482
-16515
25304
-24526
14474
1050
-16177
25188
-24675
14833
618
-15835
25064
-24818
15187
185
-15488
24934
-24953
15538
-247
-15137
24798
-25082
15884
-679
-14782
24654
-25205
16225
-1111
-14423
24504
-25320
16563
-1543
-14060
24347
-25429
16896
-1975
-13693
24183
-25530
17224
-2405
-13323
24013
-25625
17547
-2836
-12948
23837
-25712
17866
-3265
-12571
23654
-25793
18180
-3694
-12190
23464
-25867
18489
-4121
-11805
23268
-25933
18793
-4547
-11418
23066
-25993
19092
-4973
-11027
22857
-26045
19386
-5396
-10633
22642
-26091
19674
-5819
-10237
22421
-26129
19957
-6239
-9837
22194
-26160
20235
-6659
-9435
21961
-26184
20507
-7076
-9030
21722
-26201
20773
-7491
-8623
21477
-26211
21034
-7904
-8214
21227
-26214
21289
-8316
-7802
20970
-26209
21539
-8724
-7388
20708
-26198
21782
-9131
-6973
20440
-26179
22020
-9535
-6555
20166
-26153
22251
-9936
-6135
19887
-26120
22477
-10335
-5714
19603
-26080
22696
-10731
-5292
19313
-26033
22909
-11124
-4867
19018
-25979
23116
-11514
-4442
18718
-25917
23317
-11901
-4015
18413
-25849
23511
-12284
-3588
18103
-25774
23699
-12665
-3159
17788
-25691
23881
-13041
-2729
17468
-25602
24056
-13415
-2299
17143
-25506
24225
-13784
-1868
16814
-25402
24386
-14150
-1436
16480
-25292
24542
-14512
-1004
16141
-25175
24690
-14870
-572
15798
-25051
24832
-15224
-140
15451
-24920
24967
-15574
292
15100
-24783
25096
-15920
725
14744
-24639
25217
-16261
1157
14385
-24488
25332
-16598
1588
14022
-24330
25439
-16930
2020
13654
-24166
25540
-17258
2451
13284
-23995
25634
-17581
2881
12909
-23818
25721
-17899
3310
12531
-23634
25801
-18213
3738
12150
-23444
25874
-18521
4166
11765
-23247
25940
-18825
4592
11377
-23044
25999
-19123
5017
10986
-22835
26050
-19416
5441
10592
-22620
26095
-19704
5863
10195
-22398
26132
-19986
6283
9795
-22170
26163
-20263
6702
9393
-21937
26186
-20535
7119
8988
-21697
26202
-20801
7535
8581
-21451
26211
-21061
7948
8171
-21200
26213
-21316
8358
7759
-20943
26208
-21564
8767
7345
-20680
26196
-21807
9173
6929
-20411
26176
-22044
9577
6511
-20137
26150
-22275
9978
6091
-19858
26116
-22500
10377
5670
-19573
26075
-22719
10772
5247
-19283
26028
-22931
11165
4823
-18987
25973
-23138
11555
4397
-18687
25911
-23338
11941
3971
-18381
25841
-23531
12324
3543
-18070
25765
-23719
12704
3114
-17754
25682
-23900
13081
2684
-17434
25592
-24074
13454
2254
-17109
25495
-24242
13823
1823
-16779
25391
-24403
14188
1391
-16444
25280
-24558
14550
959
-16106
25162
-24705
14907
527
-15762
25038
-24847
15261
95
-15415
24906
-24981
15610
-338
-15063
24768
-25109
15956
-770
-14707
24623
-25229
16296
-1202
-14347
24472
-25343
16633
-1634
-13983
24313
-25450
16965
-2065
-13616
24148
-25550
17292
-2496
-13244
23977
-25644
17615
-2926
-12870
23799
-25730
17932
-3355
-12491
23614
-25809
18245
-3783
-12109
23423
-25881
18553
-4210
-11724
23226
-25946
18856
-4637
-11336
23023
-26004
19154
-5062
-10945
22813
-26055
19446
-5485
-10550
22597
-26099
19734
-5907
-10153
22374
-26136
20016
-6327
-9753
22146
-26166
20292
-6746
-9351
21912
-26188
20563
-7163
-8945
21671
-26204
20828
-7578
-8538
21425
-26212
21088
-7991
-8128
21173
-26213
21342
-8401
-7716
20916
-26207
21590
-8810
-7301
20652
-26194
21832
-9216
-6885
20383
-26174
22069
-9619
-6467
20108
-26147
22299
-10020
-6047
19828
-26112
22523
-10418
-5626
19543
-26071
22741
-10814
-5203
19252
-26022
22953
-11206
-4778
18956
-25966
23159
-11595
-4353
18655
-25904
23358
-11981
-3926
18349
-25834
23551
-12364
-3498
18037
-25757
23738
-12744
-3069
17721
-25673
23918
-13120
-2639
17400
-25582
24092
-13492
-2209
17074
-25485
24259
-13861
-1777
16744
-25380
24419
-14226
-1346
16409
-25268
24573
-14587
-914
16070
-25150
24721
-14945
-482
15726
-25024
24861
-15298
-49
15378
-24892
24995
-15647
383
15026
-24753
25122
-15992
815
14669
-24608
25242
-16332
1247
14309
-24455
25355
-16668
1679
13945
-24296
25461
-16999
2110
13577
-24131
25561
-17326
2541
13205
-23958
25653
-17648
2971
12830
-23780
25738
-17965
3400
12451
-23595
25817
-18278
3828
12069
-23403
25888
-18585
4255
11684
-23205
25953
-18888
4681
11295
-23001
26010
-19185
5106
10903
-22790
26060
-19477
5529
10509
-22574
26103
-19764
5951
10111
-22351
26139
-20045
6371
9711
-22122
26168
-20321
6790
9308
-21887
26190
-20591
7207
8903
-21646
26205
-20856
7621
8495
-21399
26212
-21115
8034
8085
-21147
26213
-21368
8444
7672
-20888
26206
-21616
8852
7258
-20624
26192
-21857
9258
6842
-20355
26171
-22093
9661
6423
-20079
26143
-22323
10062
6003
-19799
26108
-22546
10460
5582
-19513
26066
-22764
10855
5158
-19221
26017
-22975
11247
4734
-18925
25960
-23180
11636
4308
-18623
25897
-23379
12022
3881
-18316
25826
-23571
12404
3453
-18004
25749
-23757
12783
3024
-17688
25664
-23937
13159
2594
-17366
25572
-24110
13531
2163
-17040
25474
-24276
13900
1732
-16709
25368
-24436
14264
1301
-16374
25256
-24589
14625
869
-16034
25137
-24736
14982
436
-15690
25011
-24875
15335
4
-15341
24878
-25008
15683
-428
-14989
24738
-25135
16027
-860
-14632
24592
-25254
16367
-1292
-14271
24439
-25366
16703
-1724
-13907
24279
-25472
17034
-2155
-13538
24113
-25571
17360
-2586
-13166
23940
-25662
17682
-3016
-12791
23761
-25747
17998
-3445
-12411
23575
-25825
18310
-3873
-12029
23383
-25895
18617
-4300
-11643
23184
-25959
18919
-4726
-11254
22979
-26016
19216
-5150
-10862
22768
-26065
19507
-5574
-10467
22551
-26107
19793
-5995
-10070
22327
-26143
20074
-6415
-9669
22098
-26171
20349
-6834
-9266
21862
-26192
20619
-7250
-8860
21620
-26206
20883
-7665
-8452
21373
-26213
21142
-8077
-8042
21120
-26213
21394
-8487
-7629
20861
-26205
21641
-8895
-7214
20596
-26191
21882
-9301
-6798
20326
-26169
22117
-9703
-6379
20050
-26140
22346
-10104
-5959
19769
-26104
22569
-10501
-5537
19482
-26061
22786
-10896
-5114
19190
-26011
22997
-11288
-4689
18893
-25954
23201
-11676
-4263
18591
-25890
23399
-12062
-3836
18284
-25818
23591
-12444
-3408
17971
-25740
23776
-12823
-2979
17654
-25655
23955
-13198
-2549
17332
-25562
24127
-13570
-2118
17006
-25463
24293
-13938
-1687
16674
-25357
24452
-14302
-1255
16338
-25244
24605
-14663
-823
15998
-25124
24751
-15019
-391
15653
-24997
24890
-15371
41
15305
-24864
25022
-15719
474
14951
-24723
25147
-16063
906
14594
-24576
25266
-16403
1338
14233
-24422
25378
-16738
1769
13868
-24262
25483
-17068
2200
13499
-24095
25580
-17394
2631
13127
-23922
25671
-17715
3061
12751
-23742
25755
-18031
3490
12372
-23555
25832
-18343
3918
11989
-23362
25902
-18649
4345
11603
-23163
25965
-18950
4770
11213
-22957
26021
-19246
5195
10821
-22745
26070
-19537
5618
10426
-22527
26112
-19823
6039
10028
-22303
26146
-20103
6459
9627
-22073
26174
-20378
6877
9223
-21837
26194
-20647
7294
8818
-21595
26207
-20911
7708
8409
-21347
26213
-21168
8120
7999
-21093
26212
-21421
8530
7586
-20833
26204
-21667
8938
7171
-20568
26189
-21907
9343
6754
-20297
26166
-22142
9746
6335
-20021
26137
-22370
10146
5915
-19739
26100
-22592
10543
5493
-19452
26056
-22809
10937
5070
-19160
26005
-23019
11329
4645
-18862
25947
-23222
11717
4219
-18559
25882
-23420
12102
3791
-18251
25810
-23611
12484
3363
-17938
25731
-23795
12862
2934
-17621
25645
-23973
13237
2504
-17298
25552
-24145
13609
2073
-16971
25452
-24310
13976
1642
-16639
25345
-24469
14340
1210
-16303
25232
-24620
14700
778
-15962
25111
-24765
15056
346
-15617
24984
-24904
15408
-86
-15268
24849
-25035
15756
-519
-14914
24708
-25160
16099
-951
-14557
24560
-25278
16438
-1383
-14195
24406
-25389
16773
-1814
-13830
24245
-25493
17103
-2245
-13461
24077
-25590
17428
-2676
-13088
23903
-25681
17748
-3106
-12711
23722
-25764
18064
-3534
-12332
23535
-25840
18375
-3962
-11948
23342
-25909
18681
-4389
-11562
23142
-25971
18982
-4815
-11172
22935
-26027
19277
-5239
-10780
22723
-26075
19568
-5662
-10384
22504
-26115
19853
-6083
-9986
22279
-26149
20132
-6503
-9585
22049
-26176
20406
-6921
-9181
21812
-26196
20675
-7337
-8775
21569
-26208
20938
-7751
-8366
21320
-26213
21195
-8163
-7955
21066
-26212
21447
-8573
-7542
20806
-26203
21692
-8980
-7127
20540
-26187
21932
-9385
-6710
20269
-26163
22166
-9788
-6291
19992
-26133
22394
-10187
-5871
19709
-26096
22615
-10584
-5449
19422
-26051
22831
-10978
-5025
19129
-26000
23040
-11369
-4600
18830
-25941
23243
-11757
-4174
18527
-25875
23440
-12142
-3747
18219
-25802
23630
-12524
-3318
17905
-25723
23814
-12902
-2889
17587
-25636
23992
-13276
-2459
17264
-25542
24163
-13647
-2028
16937
-25441
24327
-14015
-1597
16604
-25334
24485
-14378
-1165
16267
-25219
24636
-14738
-733
15926
-25098
24780
-15093
-301
15581
-24970
24918
-15445
132
15231
-24835
25049
-15792
564
14877
-24693
25173
-16135
996
14519
-24545
25290
-16473
1428
14157
-24389
25400
-16807
1860
13791
-24228
25504
-17137
2291
13422
-24059
25600
-17462
2721
13049
-23884
25690
-17782
3151
12672
-23703
25772
-18097
3579
12292
-23515
25848
-18407
4007
11908
-23321
25916
-18713
4434
11521
-23120
25978
-19013
4859
11131
-22913
26032
-19308
5284
10738
-22700
26079
-19598
5706
10343
-22481
26119
-19882
6127
9944
-22256
26152
-20161
6547
9543
-22024
26178
-20435
6965
9139
-21787
26197
-20703
7381
8732
-21543
26209
-20965
7794
8323
-21294
26214
-21222
8206
7912
-21039
26211
-21473
8616
7499
-20778
26201
-21718
9023
7084
-20512
26184
-21957
9427
6667
-20240
26161
-22190
9830
6247
-19962
26130
-22417
10229
5827
-19679
26091
-22638
10626
5404
-19391
26046
-22853
11019
4981
-19098
25994
-23062
11410
4556
-18799
25934
-23264
11798
4129
-18495
25868
-23460
12182
3702
-18186
25794
-23650
12563
3273
-17872
25714
-23833
12941
2844
-17554
25626
-24010
13315
2414
-17230
25532
-24180
13686
1983
-16902
25431
-24344
14053
1551
-16569
25322
-24501
14416
1120
-16232
25207
-24651
14775
688
-15890
25085
-24795
15130
255
-15544
24956
-24932
15481
-177
-15194
24820
-25062
15828
-609
-14840
24678
-25185
16170
-1041
-14481
24529
-25302
16508
-1473
-14119
24373
-25411
16842
-1905
-13753
24210
-25514
17171
-2336
-13383
24041
-25610
17495
-2766
-13009
23866
-25699
17815
-3196
-12632
23684
-25780
18130
-3624
-12252
23495
-25855
18439
-4052
-11868
23300
-25923
18744
-4478
-11481
23099
-25984
19044
-4904
-11090
22891
-26037
19338
-5328
-10697
22678
-26084
19628
-5750
-10301
22458
-26123
19912
-6171
-9902
22232
-26155
20190
-6591
-9500
22000
-26181
20463
-7008
-9096
21761
-26199
20730
-7424
-8689
21517
-26210
20992
-7838
-8280
21268
-26214
21248
-8249
-7869
21012
-26210
21499
-8658
-7456
20751
-26200
21743
-9065
-7040
20484
-26182
21982
-9470
-6623
20211
-26158
22214
-9872
-6203
19933
-26126
22441
-10271
-5783
19649
-26087
22661
-10667
-5360
19361
-26041
22875
-11061
-4936
19067
-25988
23083
-11451
-4511
18767
-25928
23285
-11838
-4084
18463
-25861
23480
-12222
-3657
18153
-25786
23669
-12603
-3228
17839
-25705
23852
-12981
-2799
17520
-25617
24028
-13354
-2369
17196
-25522
24198
-13725
-1938
16867
-25419
24361
-14091
-1506
16534
-25310
24517
-14454
-1074
16196
-25194
24667
-14812
-642
15854
-25072
24810
-15167
-210
15508
-24942
24946
-15518
222
15157
-24806
25075
-15864
655
14802
-24662
25198
-16206
1087
14443
-24513
25314
-16544
1519
14081
-24356
25422
-16877
1950
13714
-24193
25524
-17205
2381
13344
-24023
25619
-17529
2811
12970
-23847
25708
-17848
3240
12592
-23664
25789
-18162
3669
12212
-23475
25863
-18472
4097
11827
-23279
25930
-18776
4523
11440
-23077
25990
-19075
4948
11049
-22869
26042
-19369
5372
10656
-22655
26088
-19658
5795
10259
-22434
26127
-19941
6215
9860
-22208
26158
-20219
6635
9458
-21975
26183
-20491
7052
9054
-21736
26200
-20758
7467
8647
-21492
26210
-21019
7881
8237
-21241
26214
-21275
8292
7826
-20985
26210
-21524
8701
7412
-20723
26198
-21768
9108
6996
-20455
26180
-22006
9512
6579
-20182
26155
-22238
9913
6159
-19904
26122
-22464
10312
5738
-19619
26082
-22684
10708
5316
-19330
26036
-22897
11102
4892
-19035
25982
-23105
11492
4466
-18736
25921
-23306
11879
4040
-18431
25853
-23501
12262
3612
-18121
25778
-23689
12643
3183
-17806
25696
-23871
13020
2754
-17486
25607
-24046
13393
2323
-17162
25511
-24215
13763
1892
-16833
25408
-24377
14129
1461
-16499
25299
-24533
14492
1029
-16161
25182
-24682
14850
597
-15818
25058
-24824
15204
165
-15471
24928
-24960
15554
-268
-15120
24791
-25088
15900
-700
-14765
24647
-25210
16242
-1132
-14406
24497
-25325
16579
-1564
-14042
24339
-25434
16911
-1995
-13675
24175
-25535
17239
-2426
-13305
24005
-25629
17563
-2856
-12930
23828
-25716
17881
-3285
-12553
23645
-25797
18195
-3714
-12171
23455
-25870
18504
-4141
-11787
23259
-25936
18807
-4568
-11399
23056
-25995
19106
-4993
-11008
22847
-26048
19399
-5417
-10614
22632
-26093
19688
-5839
-10218
22411
-26131
19970
-6259
-9818
22183
-26161
20248
-6678
-9416
21950
-26185
20520
-7096
-9011
21711
-26202
20786
-7511
-8604
21466
-26211
21046
-7924
-8194
21215
-26213
21301
-8335
-7783
20958
-26209
21550
-8744
-7369
20695
-26197
21794
-9150
-6953
20427
-26178
22031
-9554
-6535
20153
-26152
22262
-9955
-6115
19874
-26118
22487
-10354
-5694
19589
-26078
22706
-10750
-5271
19299
-26030
22919
-11143
-4847
19004
-25976
23126
-11532
-4422
18704
-25914
23327
-11919
-3995
18398
-25846
23521
-12302
-3567
18088
-25770
23708
-12683
-3138
17773
-25687
23889
-13059
-2709
17452
-25597
24064
-13432
-2278
17127
-25501
24232
-13802
-1847
16798
-25397
24394
-14167
-1416
16464
-25287
24549
-14529
-984
16125
-25169
24697
-14887
-552
15782
-25045
24839
-15241
-119
15435
-24914
24974
-15591
313
15083
-24776
25102
-15936
745
14727
-24632
25223
-16277
1177
14368
-24480
25337
-16614
1609
14004
-24322
25444
-16946
2040
13637
-24158
25545
-17274
2471
13266
-23987
25638
-17596
2901
12891
-23809
25725
-17914
3330
12513
-23625
25805
-18228
3759
12131
-23434
25877
-18536
4186
11746
-23238
25943
-18839
4612
11358
-23034
26001
-19137
5037
10967
-22825
26053
-19430
5461
10573
-22609
26097
-19717
5883
10176
-22387
26134
-20000
6303
9776
-22159
26164
-20276
6722
9374
-21925
26187
-20548
7139
8969
-21685
26203
-20813
7554
8561
-21440
26212
-21073
7967
8151
-21188
26213
-21328
8378
7739
-20930
26208
-21576
8786
7325
-20667
26195
-21819
9193
6909
-20399
26175
-22055
9596
6491
-20124
26148
-22286
9997
6071
-19844
26114
-22511
10396
5650
-19559
26073
-22729
10791
5227
-19269
26025
-22941
11184
4803
-18973
25970
-23147
11573
4377
-18672
25907
-23347
11959
3950
-18366
25838
-23541
12342
3522
-18055
25762
-23728
12722
3093
-17739
25678
-23908
13098
2664
-17419
25588
-24082
13471
2233
-17093
25490
-24250
13840
1802
-16763
25386
-24410
14206
1371
-16428
25275
-24565
14567
939
-16089
25157
-24712
14924
506
-15746
25032
-24853
15278
74
-15398
24900
-24987
15627
-358
-15046
24761
-25115
15972
-790
-14690
24616
-25235
16313
-1222
-14330
24464
-25349
16649
-1654
-13966
24306
-25455
16980
-2085
-13598
24140
-25555
17308
-2516
-13227
23968
-25648
17630
-2946
-12852
23790
-25734
17947
-3375
-12473
23605
-25813
18260
-3804
-12091
23414
-25884
18568
-4231
-11706
23217
-25949
18870
-4657
-11317
23013
-26007
19168
-5082
-10926
22803
-26058
19460
-5505
-10531
22586
-26101
19747
-5927
-10134
22364
-26138
20029
-6347
-9734
22135
-26167
20305
-6766
-9331
21900
-26189
20576
-7183
-8926
21660
-26204
20841
-7598
-8518
21413
-26212
21100
-8010
-8108
21161
-26213
21354
-8421
-7696
20903
-26207
21602
-8829
-7282
20639
-26193
21844
-9235
-6865
20370
-26173
22080
-9638
-6447
20095
-26145
22310
-10039
-6027
19815
-26110
22534
-10437
-5606
19529
-26069
22752
-10832
-5183
19238
-26020
22963
-11225
-4758
18942
-25964
23169
-11614
-4332
18640
-25900
23368
-12000
-3905
18334
-25830
23560
-12382
-3477
18022
-25753
23747
-12762
-3048
17706
-25669
23927
-13138
-2619
17385
-25578
24100
-13510
-2188
17059
-25480
24267
-13879
-1757
16728
-25375
24427
-14244
-1325
16393
-25263
24581
-14605
-893
16053
-25144
24727
-14962
-461
15710
-25018
24868
-15315
-29
15361
-24886
25001
-15663
404
15009
-24746
25127
-16008
836
14652
-24600
25247
-16348
1268
14292
-24448
25360
-16684
1699
13928
-24289
25466
-17015
2131
13559
-24123
25565
-17342
2561
13188
-23950
25657
-17663
2991
12812
-23771
25742
-17980
3420
12433
-23586
25820
-18293
3848
12051
-23394
25892
-18600
4275
11665
-23196
25956
-18902
4701
11277
-22991
26013
-19199
5126
10885
-22780
26062
-19491
5549
10490
-22563
26105
-19777
5971
10092
-22340
26141
-20058
6391
9692
-22111
26170
-20334
6810
9289
-21876
26191
-20604
7226
8883
-21634
26205
-20868
7641
8475
-21387
26213
-21127
8053
8065
-21134
26213
-21380
8464
7653
-20876
26206
-21627
8872
7238
-20611
26192
-21869
9277
6822
-20342
26170
-22104
9680
6403
-20066
26142
-22334
10081
5983
-19785
26106
-22557
10479
5561
-19499
26064
-22774
10874
5138
-19207
26014
-22985
11265
4714
-18910
25957
-23190
11654
4288
-18608
25893
-23388
12040
3861
-18301
25823
-23580
12422
3432
-17989
25745
-23766
12801
3003
-17673
25660
-23945
13177
2573
-17351
25568
-24118
13549
2143
-17024
25469
-24284
13917
1712
-16693
25363
-24443
14282
1280
-16358
25251
-24596
14642
848
-16018
25131
-24742
14999
416
-15673
25005
-24882
15351
-16
-15325
24871
-25014
15700
-449
-14972
24731
-25140
16044
-881
-14615
24585
-25259
16383
-1313
-14254
24431
-25372
16719
-1745
-13889
24271
-25477
17049
-2176
-13521
24105
-25575
17375
-2606
-13148
23932
-25666
17697
-3036
-12773
23752
-25751
18013
-3465
-12393
23566
-25828
18325
-3893
-12011
23373
-25899
18632
-4320
-11625
23174
-25962
18933
-4746
-11236
22969
-26018
19230
-5171
-10844
22758
-26067
19521
-5594
-10448
22540
-26109
19807
-6015
-10051
22316
-26144
20087
-6435
-9650
22086
-26172
20362
-6853
-9247
21851
-26193
20632
-7270
-8841
21609
-26207
20896
-7684
-8433
21361
-26213
21154
-8097
-8022
21108
-26212
21406
-8507
-7609
20848
-26205
21653
-8914
-7195
20583
-26190
21894
-9320
-6778
20313
-26168
22128
-9723
-6359
20037
-26139
22357
-10123
-5939
19755
-26102
22580
-10520
-5517
19469
-26059
22796
-10915
-5094
19176
-26008
23007
-11306
-4669
18879
-25951
23211
-11695
-4243
18577
-25886
23409
-12080
-3816
18269
-25815
23600
-12462
-3388
17956
-25736
23785
-12841
-2958
17639
-25650
23963
-13216
-2528
17317
-25558
24135
-13588
-2098
16990
-25458
24301
-13955
-1667
16658
-25352
24460
-14320
-1235
16322
-25238
24612
-14680
-803
15982
-25118
24757
-15036
-371
15637
-24991
24896
-15388
62
15288
-24857
25028
-15736
494
14935
-24716
25153
-16080
926
14577
-24569
25271
-16419
1358
14216
-24415
25383
-16754
1790
13851
-24254
25487
-17084
2221
13482
-24087
25585
-17409
2651
13109
-23913
25676
-17730
3081
12733
-23733
25759
-18046
3510
12353
-23546
25836
-18357
3938
11970
-23353
25906
-18663
4365
11584
-23153
25968
-18965
4791
11195
-22947
26024
-19260
5215
10802
-22735
26072
-19551
5638
10407
-22517
26113
-19836
6059
10009
-22292
26148
-20116
6479
9608
-22062
26175
-20391
6897
9204
-21826
26195
-20660
7313
8798
-21583
26208
-20923
7728
8390
-21335
26213
-21181
8140
7979
-21081
26212
-21432
8549
7566
-20821
26203
-21678
8957
7151
-20555
26188
-21919
9362
6734
-20284
26165
-22153
9765
6315
-20008
26135
-22381
10165
5895
-19726
26098
-22603
10562
5473
-19438
26054
-22819
10956
5049
-19145
26003
-23028
11347
4624
-18848
25944
-23232
11735
4198
-18545
25879
-23429
12120
3771
-18236
25807
-23620
12502
3343
-17923
25727
-23804
12880
2913
-17606
25641
-23982
13255
2483
-17283
25548
-24153
13626
2053
-16955
25447
-24318
13994
1621
-16623
25340
-24476
14357
1190
-16287
25226
-24627
14717
758
-15946
25105
-24772
15073
325
-15601
24977
-24910
15425
-107
-15251
24843
-25041
15772
-539
-14897
24701
-25166
16115
-972
-14540
24553
-25283
16454
-1403
-14178
24398
-25394
16788
-1835
-13812
24237
-25498
17118
-2266
-13443
24069
-25595
17443
-2696
-13070
23895
-25685
17764
-3126
-12693
23714
-25768
18079
-3555
-12313
23526
-25844
18390
-3983
-11930
23332
-25912
18695
-4409
-11543
23132
-25974
18996
-4835
-11154
22925
-26029
19291
-5259
-10761
22713
-26077
19581
-5682
-10365
22494
-26117
19866
-6103
-9967
22269
-26151
20145
-6523
-9566
22037
-26177
20419
-6941
-9162
21800
-26196
20688
-7357
-8755
21557
-26208
20950
-7771
-8347
21308
-26213
21207
-8183
-7936
21054
-26211
21458
-8592
-7523
20793
-26202
21704
-9000
-7108
20527
-26186
21943
-9404
-6690
20256
-26162
22177
-9807
-6271
19978
-26131
22404
-10206
-5851
19696
-26094
22626
-10603
-5429
19408
-26049
22841
-10997
-5005
19115
-25997
23050
-11388
-4580
18816
-25938
23253
-11776
-4154
18513
-25872
23449
-12160
-3726
18204
-25799
23639
-12542
-3298
17890
-25719
23823
-12920
-2868
17572
-25632
24000
-13294
-2438
17249
-25538
24171
-13665
-2007
16921
-25436
24335
-14032
-1576
16588
-25329
24492
-14395
-1144
16251
-25214
24643
-14755
-712
15910
-25092
24787
-15110
-280
15564
-24963
24924
-15461
152
15214
-24828
25055
-15808
585
14860
-24686
25178
-16151
1017
14502
-24537
25295
-16489
1449
14140
-24382
25405
-16823
1880
13774
-24220
25508
-17152
2311
13404
-24051
25605
-17477
2741
13031
-23876
25694
-17797
3171
12654
-23694
25776
-18112
3600
12273
-23506
25851
-18422
4027
11890
-23311
25919
-18727
4454
11503
-23111
25980
-19027
4880
11113
-22903
26034
-19322
5304
10720
-22690
26081
-19611
5726
10324
-22470
26121
-19895
6147
9925
-22245
26154
-20174
6567
9523
-22013
26179
-20448
6985
9119
-21775
26198
-20715
7400
8713
-21532
26209
-20977
7814
8304
-21282
26214
-21234
8226
7893
-21027
26211
-21484
8635
7479
-20766
26201
-21729
9042
7064
-20499
26184
-21968
9447
6647
-20227
26159
-22201
9849
6227
-19949
26128
-22428
10248
5807
-19666
26089
-22649
10644
5384
-19377
26044
-22863
11038
4960
-19084
25991
-23072
11429
4535
-18785
25931
-23274
11816
4109
-18480
25865
-23469
12201
3681
-18171
25791
-23659
12582
3253
-17857
25710
-23842
12959
2823
-17538
25622
-24018
13333
2393
-17215
25527
-24188
13704
1962
-16886
25426
-24352
14070
1531
-16553
25317
-24508
14433
1099
-16216
25201
-24658
14792
667
-15874
25079
-24802
15147
235
-15528
24950
-24938
15498
-198
-15177
24814
-25068
15844
-630
-14823
24671
-25191
16187
-1062
-14464
24521
-25307
16524
-1494
-14102
24365
-25416
16858
-1925
-13735
24202
-25519
17187
-2356
-13365
24033
-25614
17511
-2786
-12991
23857
-25703
17830
-3216
-12614
23675
-25784
18145
-3645
-12233
23486
-25859
18454
-4072
-11849
23291
-25926
18759
-4499
-11462
23089
-25986
19058
-4924
-11072
22881
-26040
19352
-5348
-10678
22667
-26086
19641
-5771
-10282
22447
-26125
19925
-6191
-9883
22221
-26157
20203
-6611
-9481
21988
-26182
20476
-7028
-9077
21750
-26199
20743
-7444
-8670
21506
-26210
21005
-7857
-8261
21256
-26214
21260
-8269
-7849
21000
-26210
21510
-8678
-7436
20738
-26199
21755
-9085
-7020
20471
-26181
21993
-9489
-6603
20198
-26156
22225
-9891
-6183
19920
-26124
22451
-10290
-5763
19636
-26085
22671
-10686
-5340
19347
-26039
22885
-11079
-4916
19052
-25985
23093
-11469
-4491
18753
-25925
23294
-11857
-4064
18448
-25857
23490
-12241
-3636
18139
-25783
23678
-12621
-3208
17824
-25701
23861
-12998
-2778
17505
-25612
24036
-13372
-2348
17180
-25517
24206
-13742
-1917
16852
-25414
24368
-14108
-1486
16518
-25305
24524
-14471
-1054
16180
-25189
24674
-14829
-622
15838
-25066
24816
-15184
-189
15491
-24936
24952
-15534
243
15140
-24799
25081
-15880
675
14785
-24655
25204
-16222
1107
14426
-24505
25319
-16560
1539
14063
-24348
25428
-16892
1970
13697
-24185
25529
-17221
2401
13326
-24015
25624
-17544
2832
12952
-23838
25712
-17863
3261
12574
-23655
25792
-18177
3689
12193
-23466
25866
-18486
4117
11809
-23270
25933
-18790
4543
11421
-23068
25992
-19089
4969
11031
-22859
26045
-19383
5392
10637
-22644
26090
-19671
5815
10240
-22424
26129
-19954
6235
9841
-22197
26160
-20232
6655
9439
-21964
26184
-20504
7072
9034
-21725
26201
-20771
7487
8627
-21480
26211
-21032
7900
8218
-21229
26214
-21287
8312
7806
-20972
26209
-21536
8721
7392
-20710
26198
-21780
9127
6977
-20442
26179
-22017
9531
6559
-20169
26153
-22249
9933
6139
-19890
26120
-22475
10331
5718
-19606
26080
-22694
10727
5296
-19316
26033
-22907
11120
4871
-19021
25979
-23114
11510
4446
-18721
25918
-23315
11897
4019
-18416
25850
-23510
12281
3592
-18106
25774
-23698
12661
3163
-17791
25692
-23879
13038
2733
-17471
25603
-24054
13411
2303
-17146
25507
-24223
13781
1872
-16817
25403
-24385
14147
1440
-16483
25293
-24540
14509
1009
-16144
25176
-24689
14867
576
-15802
25052
-24831
15221
144
-15455
24922
-24966
15571
-288
-15103
24784
-25094
15916
-720
-14748
24640
-25216
16258
-1153
-14388
24489
-25331
16595
-1584
-14025
24332
-25438
16927
-2016
-13658
24167
-25539
17255
-2446
-13287
23997
-25633
17578
-2877
-12913
23819
-25720
17896
-3306
-12535
23636
-25800
18210
-3734
-12153
23446
-25873
18518
-4162
-11768
23249
-25939
18822
-4588
-11381
23046
-25998
19120
-5013
-10990
22837
-26050
19413
-5437
-10596
22622
-26095
19701
-5859
-10199
22400
-26132
19984
-6279
-9799
22172
-26163
20261
-6698
-9397
21939
-26186
20532
-7115
-8992
21699
-26202
20798
-7531
-8584
21454
-26211
21059
-7944
-8175
21202
-26213
21313
-8355
-7763
20945
-26208
21562
-8763
-7349
20682
-26196
21805
-9169
-6933
20414
-26177
22042
-9573
-6515
20140
-26150
22273
-9974
-6095
19861
-26117
22498
-10373
-5674
19576
-26076
22717
-10769
-5251
19286
-26028
22929
-11161
-4827
18990
-25973
23136
-11551
-4401
18689
-25911
23336
-11937
-3975
18384
-25842
23530
-12321
-3547
18073
-25766
23717
-12701
-3118
17757
-25683
23898
-13077
-2688
17437
-25593
24072
-13450
-2258
17112
-25496
24240
-13819
-1827
16782
-25392
24401
-14185
-1395
16448
-25281
24556
-14546
-963
16109
-25164
24704
-14904
-531
15766
-25039
24845
-15258
-99
15418
-24908
24980
-15607
334
15066
-24769
25107
-15952
766
14710
-24625
25228
-16293
1198
14351
-24473
25342
-16630
1630
13987
-24315
25449
-16962
2061
13619
-24150
25550
-17289
2492
13248
-23978
25643
-17612
2922
12873
-23801
25729
-17929
3351
12495
-23616
25808
-18242
3779
12113
-23425
25880
-18550
4206
11728
-23228
25946
-18853
4633
11340
-23025
26004
-19151
5057
10948
-22815
26055
-19444
5481
10554
-22599
26099
-19731
5903
10157
-22377
26136
-20013
6323
9757
-22148
26165
-20289
6742
9354
-21914
26188
-20560
7159
8949
-21674
26204
-20826
7574
8542
-21428
26212
-21086
7987
8132
-21176
26213
-21340
8397
7720
-20918
26207
-21588
8806
7305
-20655
26194
-21830
9212
6889
-20386
26174
-22066
9615
6471
-20111
26147
-22297
10016
6051
-19831
26113
-22521
10414
5630
-19546
26071
-22739
10810
5207
-19255
26023
-22951
11202
4782
-18959
25967
-23157
11592
4357
-18658
25904
-23356
11978
3930
-18351
25835
-23550
12361
3502
-18040
25758
-23736
12740
3073
-17724
25674
-23917
13116
2643
-17403
25583
-24090
13489
2213
-17078
25485
-24257
13858
1782
-16747
25381
-24418
14223
1350
-16412
25269
-24572
14584
918
-16073
25151
-24719
14941
486
-15729
25026
-24860
15294
54
-15381
24893
-24993
15644
-379
-15029
24755
-25120
15988
-811
-14673
24609
-25241
16329
-1243
-14313
24457
-25354
16665
-1675
-13948
24298
-25460
16996
-2106
-13581
24132
-25560
17323
-2537
-13209
23960
-25652
17645
-2967
-12834
23782
-25738
17962
-3396
-12455
23596
-25816
18275
-3824
-12073
23405
-25888
18582
-4251
-11687
23207
-25952
18885
-4677
-11299
23003
-26009
19182
-5102
-10907
22792
-26060
19474
-5525
-10513
22576
-26103
19761
-5947
-10115
22353
-26139
20042
-6367
-9715
22124
-26168
20318
-6786
-9312
21889
-26190
20589
-7203
-8907
21648
-26205
20853
-7617
-8499
21402
-26212
21112
-8030
-8089
21149
-26213
21366
-8440
-7676
20891
-26206
21613
-8849
-7262
20627
-26193
21855
-9254
-6846
20357
-26172
22091
-9658
-6427
20082
-26144
22321
-10058
-6007
19801
-26109
22544
-10456
-5586
19515
-26066
22762
-10851
-5162
19224
-26017
22973
-11243
-4738
18928
-25961
23178
-11632
-4312
18626
-25897
23377
-12018
-3885
18319
-25827
23569
-12401
-3457
18007
-25749
23755
-12780
-3028
17691
-25665
23935
-13156
-2598
17369
-25573
24108
-13528
-2168
17043
-25475
24275
-13896
-1736
16712
-25369
24434
-14261
-1305
16377
-25257
24588
-14622
-873
16037
-25138
24734
-14978
-441
15693
-25012
24874
-15331
-8
15345
-24879
25007
-15680
424
14992
-24740
25133
-16024
856
14635
-24593
25253
-16364
1288
14275
-24440
25365
-16700
1720
13910
-24281
25471
-17031
2151
13542
-24115
25570
-17357
2582
13170
-23942
25661
-17679
3012
12794
-23762
25746
-17995
3441
12415
-23577
25824
-18307
3869
12033
-23384
25895
-18614
4296
11647
-23186
25958
-18916
4722
11258
-22981
26015
-19213
5146
10866
-22770
26065
-19504
5570
10471
-22553
26107
-19791
5991
10073
-22329
26142
-20071
6411
9673
-22100
26171
-20347
6830
9270
-21864
26192
-20617
7246
8864
-21623
26206
-20881
7661
8456
-21375
26213
-21139
8073
8046
-21122
26213
-21392
8483
7633
-20863
26205
-21639
8891
7218
-20599
26191
-21880
9297
6802
-20329
26169
-22115
9700
6383
-20053
26140
-22344
10100
5963
-19772
26105
-22567
10498
5541
-19485
26062
-22784
10892
5118
-19193
26012
-22995
11284
4693
-18896
25954
-23199
11673
4267
-18594
25890
-23397
12058
3840
-18287
25819
-23589
12440
3412
-17974
25741
-23775
12819
2983
-17657
25656
-23953
13195
2553
-17335
25563
-24126
13566
2122
-17009
25464
-24292
13935
1691
-16677
25358
-24451
14299
1260
-16342
25245
-24603
14659
828
-16001
25125
-24749
15016
395
-15657
24998
-24888
15368
-37
-15308
24865
-25021
15716
-469
-14955
24725
-25146
16060
-902
-14598
24578
-25265
16399
-1334
-14237
24424
-25377
16735
-1765
-13872
24264
-25482
17065
-2196
-13503
24097
-25580
17391
-2627
-13131
23923
-25671
17712
-3057
-12755
23743
-25755
18028
-3486
-12375
23557
-25832
18340
-3914
-11992
23364
-25902
18646
-4340
-11606
23165
-25965
18947
-4766
-11217
22959
-26021
19244
-5191
-10825
22747
-26069
19535
-5614
-10430
22530
-26111
19820
-6035
-10032
22305
-26146
20100
-6455
-9631
22075
-26173
20375
-6873
-9227
21839
-26194
20644
-7290
-8821
21597
-26207
20908
-7704
-8413
21349
-26213
21166
-8116
-8002
21095
-26212
21418
-8526
-7590
20836
-26204
21665
-8934
-7175
20571
-26189
21905
-9339
-6758
20300
-26166
22139
-9742
-6339
20024
-26137
22368
-10142
-5919
19742
-26100
22590
-10539
-5497
19455
-26057
22807
-10933
-5074
19162
-26006
23017
-11325
-4649
18865
-25948
23220
-11713
-4223
18562
-25883
23418
-12098
-3795
18254
-25811
23609
-12480
-3367
17941
-25732
23794
-12859
-2938
17624
-25646
23972
-13234
-2508
17301
-25553
24143
-13605
-2077
16974
-25453
24309
-13973
-1646
16642
-25346
24467
-14337
-1214
16306
-25233
24619
-14697
-782
15965
-25112
24764
-15053
-350
15620
-24985
24902
-15405
82
15271
-24851
25034
-15752
515
14918
-24710
25159
-16096
947
14560
-24562
25277
-16435
1379
14199
-24407
25388
-16769
1810
13833
-24246
25492
-17099
2241
13464
-24079
25589
-17425
2672
13091
-23905
25680
-17745
3102
12715
-23724
25763
-18061
3530
12335
-23537
25839
-18372
3958
11952
-23343
25909
-18678
4385
11566
-23144
25971
-18979
4811
11176
-22937
26026
-19274
5235
10784
-22725
26074
-19565
5658
10388
-22506
26115
-19850
6079
9990
-22282
26149
-20130
6499
9589
-22051
26176
-20404
6917
9185
-21814
26195
-20672
7333
8779
-21571
26208
-20935
7747
8370
-21323
26213
-21193
8159
7959
-21068
26212
-21444
8569
7546
-20808
26203
-21690
8976
7131
-20543
26187
-21930
9381
6714
-20271
26164
-22164
9784
6295
-19994
26133
-22392
10183
5875
-19712
26096
-22613
10580
5453
-19424
26052
-22829
10975
5029
-19131
26000
-23038
11366
4604
-18833
25942
-23241
11754
4178
-18530
25876
-23438
12139
3751
-18222
25803
-23629
12520
3322
-17908
25723
-23813
12898
2893
-17590
25637
-23990
13273
2463
-17267
25543
-24161
13644
2032
-16940
25442
-24326
14011
1601
-16607
25335
-24483
14375
1169
-16271
25220
-24634
14734
737
-15930
25099
-24779
15090
305
-15584
24971
-24917
15441
-128
-15234
24836
-25048
15789
-560
-14880
24694
-25172
16131
-992
-14522
24546
-25289
16470
-1424
-14160
24391
-25399
16804
-1855
-13795
24229
-25503
17134
-2286
-13425
24061
-25599
17459
-2717
-13052
23886
-25689
17779
-3146
-12675
23705
-25771
18094
-3575
-12295
23517
-25847
18404
-4003
-11912
23323
-25916
18710
-4430
-11525
23122
-25977
19010
-4855
-11135
22915
-26031
19305
-5279
-10742
22702
-26079
19595
-5702
-10346
22483
-26119
19879
-6123
-9948
22258
-26152
20158
-6543
-9546
22026
-26178
20432
-6961
-9142
21789
-26197
20700
-7377
-8736
21546
-26209
20963
-7790
-8327
21296
-26214
21219
-8202
-7916
21041
-26211
21470
-8612
-7503
20781
-26201
21715
-9019
-7088
20514
-26185
21955
-9424
-6670
20242
-26161
22188
-9826
-6251
19965
-26130
22415
-10225
-5831
19682
-26092
22636
-10622
-5408
19394
-26047
22851
-11016
-4985
19100
-25994
23060
-11407
-4560
18802
-25935
23262
-11794
-4133
18498
-25869
23458
-12179
-3706
18189
-25795
23648
-12560
-3277
17875
-25715
23831
-12938
-2848
17557
-25627
24008
-13312
-2418
17233
-25533
24179
-13683
-1987
16905
-25432
24342
-14049
-1556
16572
-25323
24499
-14413
-1124
16235
-25208
24650
-14772
-692
15894
-25086
24794
-15127
-259
15548
-24957
24931
-15478
173
15197
-24822
25061
-15825
605
14843
-24679
25184
-16167
1037
14485
-24530
25301
-16505
1469
14122
-24374
25410
-16839
1901
13756
-24212
25513
-17168
2332
13386
-24043
25609
-17492
2762
13013
-23867
25698
-17812
3191
12636
-23685
25780
-18127
3620
12255
-23497
25854
-18437
4048
11871
-23302
25922
-18741
4474
11484
-23101
25983
-19041
4900
11094
-22893
26037
-19336
5324
10701
-22680
26083
-19625
5746
10305
-22460
26123
-19909
6167
9906
-22234
26155
-20187
6587
9504
-22002
26180
-20460
7004
9100
-21764
26199
-20728
7420
8693
-21520
26210
-20990
7834
8284
-21270
26214
-21246
8245
7873
-21014
26210
-21496
8654
7460
-20753
26200
-21741
9061
7044
-20486
26183
-21979
9466
6627
-20214
26158
-22212
9868
6207
-19936
26126
-22439
10267
5787
-19652
26087
-22659
10663
5364
-19363
26041
-22873
11057
4940
-19069
25988
-23081
11447
4515
-18770
25928
-23283
11835
4089
-18466
25861
-23479
12219
3661
-18156
25787
-23668
12600
3232
-17842
25706
-23850
12977
2803
-17523
25618
-24026
13351
2373
-17199
25523
-24196
13721
1942
-16870
25420
-24359
14088
1510
-16537
25311
-24516
14450
1079
-16200
25196
-24665
14809
646
-15857
25073
-24808
15164
214
-15511
24943
-24945
